106
176
165
195
171
120
194
178
184
155
172
143
192
119
135
138
1000422
1000236
141
176
137
165
160
182
174
149
165
112
197
134
163
154
130
144
162
138
129
174
153
196
151
140
138
169
1000362
1000443
111
117
100
171
164
114
182
152
115
152
151
197
124
133
140
176
165
166
135
176
114
176
196
174
190
165
129
137
116
183
166
110
124
126
197
170
195
152
111
150
145
166
140
147
121
156
160
147
172
161
104
196
177
176
104
136
174
115
152
115
164
147
196
189
192
155
111
191
176
160
176
198
130
156
100
118
150
177
177
137
109
173
152
177
196
123
163
131
179
146
196
131
184
117
102
156
157
107
153
173
160
161
168
167
129
172
129
103
184
108
192
114
122
116
109
133
111
166
121
152
131
167
193
104
165
104
195
159
129
193
186
131
138
168
166
176
185
178
175
107
115
121
169
192
1000318
1000324
130
152
125
161
172
104
190
173
131
165
